14 28
Sommets du graphe
0 0.050000 0.700000 Sommet1
1 0.050000 0.300000 Sommet2
2 0.200000 0.900000 Sommet3
3 0.200000 0.500000 Sommet4
4 0.200000 0.100000 Sommet5
5 0.400000 0.700000 Sommet6
6 0.400000 0.500000 Sommet7
7 0.400000 0.300000 Sommet8
8 0.600000 0.900000 Sommet9
9 0.600000 0.500000 Sommet10
10 0.600000 0.100000 Sommet11
11 0.800000 0.700000 Sommet12
12 0.800000 0.300000 Sommet13
13 0.950000 0.500000 Sommet espace 14
arc du graphe : départ arrivée valeur
0 3 4.000000 
0 1 2.000000 
1 4 2.000000 
2 0 3.000000 
3 5 2.000000 
3 2 2.000000 
3 1 1.000000 
4 7 4.000000 
4 3 3.000000 
5 8 1.000000 
5 2 1.000000 
6 9 8.000000 
6 5 3.000000 
6 4 2.000000 
7 10 4.000000 
7 6 1.000000 
8 2 5.000000 
9 8 3.000000 
9 5 2.000000 
9 11 1.000000 
9 10 1.000000 
10 12 2.000000 
10 6 2.000000 
11 8 5.000000 
12 11 6.000000 
12 13 4.000000 
12 9 3.000000 
13 11 2.000000 
